1,101,'4614',590,591,592,593,594,595,596,597,598,599,600,601,602,603,604,605,606,607,608,609,610,611,612
1,101,'5463',613,614,615,616,617,618,619,620,621,622,623
1,101,'5547',624,625,626,627,628,629,630,631,632,633,634,635,636,637,638,639,640,641
2,201,'4614',642,643,644,645,646,647,648,649,650,651,652,653,654,655,656,657,658,659,660,661,662
2,201,'5463',663,664,665,666,667,668,669,670,671,672,673
2,201,'5547',674,675,676,677,678,679,680,681,682,683,684,685,686,687,688,689,690,691,692,693,694,695,696
3,301,'4614',697,698,699,700,701,702,703,704,705,706,707,708,709,710,711,712,713,714,715,716,717
3,301,'5463',718,719,720,721,722,723,724,725,726,727
3,301,'5547',728,729,730,731,732,733,734,735,736,737,738,739,740,741,742,743
4,400,'4614',744,745
5,501,'4614',746,747
