101,'4614',640,,590,1,,,0,68,,590,35,4,,0,2,,591,1,,,0,28,,591,35,4,,0,7,,592,1,,,0,68,,592,35,4,,0,2,,593,1,,,0,28,,593,35,4,,0,12,,594,1,,,0,68,,594,35,4,,0,2,,595,1,,,0,28,,595,35,4,,0,47,,596,1,,,0,28,,596,35,4,,0,2,,597,1,,,0,28,,597,35,4,,0,47,,598,1,,,0,28,,598,35,4,,0,2,,599,1,,,0,68,,599,35,4,,0,7,,600,1,,,0,28,,600,35,4,,0,2,,601,1,,,0,68,,601,35,4,,0,7,,602,1,,,0,28,,602,35,4,,0,2,,603,1,,,0,68,,603,35,4,,0,7,,612,1,,,0,28,,612,35,4,,0,2,,604,1,,,0,68,,604,35,4,,0,7,,605,1,,,0,28,,605,35,4,,0,52,,606,1,,,0,28,,606,35,4,,0,7,,607,1,,,0,68,,607,35,4,,0,7,,608,1,,,0,28,,608,35,4,,0,7,,609,1,,,0,68,,609,35,4,,0,7,,610,1,,,0,28,,610,35,4,,0,2,,611,1,,,0,68,,611,35,4,,0
101,'4616',715,,624,1,,,0,28,,624,35,4,,0,72,,625,1,,,0,28,,625,35,4,,0,72,,626,1,,,0,28,,626,35,4,,0,87,,627,1,,,0,28,,627,35,4,,0,72,,628,1,,,0,28,,628,35,4,,0,72,,629,1,,,0,28,,629,35,4,,0,42,,630,1,,,0,28,,630,35,4,,0,2,,631,1,,,0,28,,631,35,4,,0,42,,632,1,,,0,28,,632,35,4,,0,17,,633,1,,,0,68,,633,35,4,,0,2,,634,1,,,0,28,,634,35,4,,0,2,,635,1,,,0,68,,635,35,4,,0,2,,636,1,,,0,28,,636,35,4,,0,2,,637,1,,,0,68,,637,35,4,,0,2,,638,1,,,0,28,,638,35,4,,0,2,,639,1,,,0,68,,639,35,4,,0,2,,640,1,,,0,28,,640,35,4,,0,2,,641,1,,,0,68,,641,35,4,,0
101,'5463',815,,623,1,,,0,28,,623,35,4,,0,2,,622,1,,,0,68,,622,35,4,,0,42,,621,1,,,0,68,,621,35,4,,0,7,,620,1,,,0,28,,620,35,4,,0,77,,618,1,,,0,68,,618,35,4,,0,2,,619,1,,,0,28,,619,35,4,,0,92,,617,1,,,0,28,,617,35,4,,0,47,,616,1,,,0,28,,616,35,4,,0,77,,614,1,,,0,28,,614,35,4,,0,7,,613,1,,,0,68,,613,35,4,,0,37,,615,1,,,0,68,,615,35,4,,0
201,'4614',605,,642,1,,,0,30,,642,35,4,,0,5,,643,1,,,0,70,,644,1,,,0,30,,644,35,4,,0,5,,645,1,,,0,70,,645,35,4,,0,40,,646,1,,,0,70,,647,1,,,0,30,,647,35,4,,0,45,,648,1,,,0,30,,649,1,,,0,70,,649,35,4,,0,5,,650,1,,,0,30,,651,1,,,0,70,,651,35,4,,0,5,,652,1,,,0,30,,653,1,,,0,70,,653,35,4,,0,5,,654,1,,,0,30,,655,1,,,0,70,,655,35,4,,0,5,,656,1,,,0,30,,657,1,,,0,70,,657,35,4,,0,85,,658,1,,,0,30,,658,35,4,,0,5,,659,1,,,0,70,,659,35,4,,0,5,,660,1,,,0,30,,660,35,4,,0,5,,661,1,,,0,70,,661,35,4,,0,5,,662,1,,,0,30,,662,35,4,,0
201,'4616',715,,674,1,,,0,30,,674,35,4,,0,70,,675,35,4,,0,30,,677,1,,,0,70,,678,1,,,0,30,,678,35,4,,0,70,,679,35,4,,0,15,,680,1,,,0,70,,680,35,4,,0,30,,682,1,,,0,70,,683,1,,,0,30,,684,1,,,0,70,,684,35,4,,0,30,,686,1,,,0,70,,686,35,4,,0,30,,687,35,4,,0,15,,688,1,,,0,70,,689,1,,,0,30,,689,35,4,,0,70,,690,35,4,,0,30,,691,35,4,,0,70,,693,1,,,0,30,,693,35,4,,0,70,,694,35,4,,0,30,,696,1,,,0,70,,696,35,4,,0
201,'5463',815,,673,1,,,0,30,,673,35,4,,0,75,,672,1,,,0,30,,672,35,4,,0,5,,671,1,,,0,70,,671,35,4,,0,75,,670,1,,,0,30,,670,35,4,,0,5,,669,1,,,0,70,,669,35,4,,0,45,,667,1,,,0,70,,667,35,4,,0,5,,668,1,,,0,30,,668,35,4,,0,75,,666,1,,,0,70,,666,35,4,,0,5,,664,1,,,0,30,,664,35,4,,0,80,,665,1,,,0,30,,665,35,4,,0,70,,663,35,4,,0
301,'4614',640,,697,1,,,0,69,,697,36,4,,0,1,,698,1,,,0,29,,698,36,4,,0,6,,699,1,,,0,69,,699,36,4,,0,41,,700,1,,,0,69,,700,36,4,,0,1,,701,1,,,0,29,,701,36,4,,0,46,,702,1,,,0,29,,702,36,4,,0,1,,703,1,,,0,29,,703,36,4,,0,46,,704,1,,,0,29,,704,36,4,,0,1,,705,1,,,0,69,,705,36,4,,0,6,,706,1,,,0,29,,706,36,4,,0,1,,707,1,,,0,69,,707,36,4,,0,6,,708,1,,,0,29,,708,36,4,,0,1,,709,1,,,0,69,,709,36,4,,0,6,,710,1,,,0,29,,710,36,4,,0,1,,711,1,,,0,69,,711,36,4,,0,86,,712,1,,,0,29,,712,36,4,,0,6,,713,1,,,0,69,,713,36,4,,0,6,,714,1,,,0,29,,714,36,4,,0,6,,715,1,,,0,69,,715,36,4,,0,6,,716,1,,,0,29,,716,36,4,,0,1,,717,1,,,0
301,'4616',745,,728,1,,,0,69,,728,36,4,,0,31,,729,1,,,0,69,,729,36,4,,0,31,,730,1,,,0,69,,730,36,4,,0,86,,731,1,,,0,29,,731,36,4,,0,71,,732,1,,,0,29,,732,36,4,,0,71,,733,1,,,0,29,,733,36,4,,0,1,,734,1,,,0,29,,734,36,4,,0,41,,735,1,,,0,29,,735,36,4,,0,1,,736,1,,,0,29,,736,36,4,,0,56,,737,1,,,0,29,,737,36,4,,0,1,,738,1,,,0,69,,738,36,4,,0,1,,739,1,,,0,29,,739,36,4,,0,1,,740,1,,,0,69,,740,36,4,,0,1,,741,1,,,0,29,,741,36,4,,0,1,,742,1,,,0,69,,742,36,4,,0,1,,743,1,,,0,29,,743,36,4,,0
301,'5463',845,,727,1,,,0,69,,727,36,4,,0,6,,726,1,,,0,29,,726,36,4,,0,81,,724,1,,,0,29,,724,36,4,,0,41,,725,1,,,0,29,,725,36,4,,0,76,,723,1,,,0,29,,723,36,4,,0,16,,722,1,,,0,69,,722,36,4,,0,81,,721,1,,,0,29,,721,36,4,,0,1,,719,1,,,0,29,,719,36,4,,0,81,,720,1,,,0,69,,720,36,4,,0,6,,718,1,,,0,29,,718,36,4,,0
400,'4614',815,,744,1,,,0,28,,744,30,4,,0,682,,745,1,,,0,28,,745,30,4,,0
501,'4614',815,,747,1,,,0,30,,747,25,4,,0,680,,746,1,,,0,30,,746,25,4,,0
